normX = 4.9155203524317415
normCore = 4.915520352431741
residuals = [1.0323827311807139e-07]
